//----------------------------------------------------------------------------------------------------------------------------------------------------//
//Index 0 = StaticEffect | Index 1 = DynamicEffect | Index 2 = SkillEffect                                                                            //
//Hide 1 = Oculta el Objecto pero mantiene el efecto                                                                                                  //
//----------------------------------------------------------------------------------------------------------------------------------------------------//
//      Map      Object     Index      EffectCode      EffectValue      ColorR      ColorG      ColorB      EffectSize      EffectType      Hide      //
//----------------------------------------------------------------------------------------------------------------------------------------------------//
		1	 	 64	    	1	       32392	       0	        	1	    	1			1	    	0	            0	            1
		100	 	 93	    	1	       32101	       0	        	0.9	    	0.2			0.2	    	0	            69	            1
		100	 	 27	    	1	       32393	       0	        	1	    	1			1	    	0	            0	            1			
		100	 	 89	    	1	       32101	       0	        	0.5	    	0.9			0.5	    	0	            69	            1
		100	 	 89	    	1	       32101	       0	        	1	    	1			1	    	0	            21	            1
		100	 	 94	    	1	       32300	       0	        	1	    	1			1	    	0	            2	            1
		100	 	 88	    	1	       32301	       0	        	1	    	1			1	    	0	            14	            1
		100	 	 87	    	1	       32299	       0	        	1	    	1			1	    	0	            2	            1
//		100	 	 91	    	1	       32157	       0	        	0.01	    0.02		0.05	    0	            3	            1
//		100	 	 90	    	1	       32157	       0	        	0.05	    0.02		0.01	    0	            3	            1

		102	       0	      1	         32389	         0	              0.35        0.68        1.0	      1	              0.0	          1 
		102	       1	      1	         32389	         0	              0.35        0.68        1.0	      7	              0.0	          1
		102	       2	      1	         32260	         0	              0.00        0.00        0.00	      0.5             3	              1
		102	       3	      1	         32260	         0	              0.00        0.00        0.00	      0.5             3	              1
		102	       4	      1	         32260	         0	              0.00        0.00        0.00	      0.5             3	              1
		102	       5	      1	         32260	         0	              0.00        0.00        0.00	      0.5             3	              1
		102	       6	      1	         32260	         0	              0.00        0.00        0.00	      0.5             3	              1
		102	       7	      1	         32260	         0	              0.35        0.68        1.0	      1	              3	              1
		102	       8	      1          32260	         0	              0.12	      0.22	      0.01	      1.0	          3	              1
		102	       9	      1	         32260	         0	              0.00        0.00        0.00	      0.5	          3	              1
		102	       10	      1	         32260	         0	              0.00        0.00        0.00	      0.5	          3	              1
		102	       183	      1	         32389	         0	              0.35        0.68        1.0	      1	              0.0	          1
		102	       184	      1	         32113	         0	              0.35        0.68        1.0	      0.5	          7.9	          1
		102	       185	      1	         32113	         0	              0.35        0.68        1.0	      0.5	          7.9	          1
		102	       186	      1	         32113	         0	              0.35        0.68        1.0	      0.5	          7.9	          1
		102	       187	      1	         32113	         0	              0.35        0.68        1.0	      0.5	          7.9	          1
		102	       188	      1	         32113	         0	              0.35        0.68        1.0	      0.5	          7.9	          1
		102	       189	      1	         32113	         0	              0.35        0.68        1.0	      0.5	          7.9	          1
		102	       190	      1	         32113	         0	              0.35        0.68        1.0	      0.5	          7.9	          1
		102	       191	      1	         32113	         0	              0.35        0.68        1.0	      0.5	          7.9	          1
		102	       192	      1	         32113	         0	              0.35        0.68        1.0	      0.5	          7.9	          1
		102	       193	      1	         32113	         0	              0.35        0.68        1.0	      0.5	          7.9	          1
		102	       194	      1	         32113	         0	              0.35        0.68        1.0	      0.5	          7.9	          1
		102	       195	      1	         32113	         0	              0.35        0.68        1.0	      0.5	          7.9	          1
		102	       196	      1	         32113	         0	              0.35        0.68        1.0	      0.5	          7.9	          1
		102	       197	      1	         32113	         0	              0.35        0.68        1.0	      0.5	          7.9	          1
		102	       198	      1	         32113	         0	              0.35        0.68        1.0	      0.5	          7.9	          1
		102	       199	      1	         32113	         0	              0.35        0.68        1.0	      0.5	          7.9	          1

//      Map      Object     Index      EffectCode      EffectValue      ColorR      ColorG      ColorB      EffectSize      EffectType      Hide      //
		112	 	 123	    1	       32392	       1	        	0	    	1			1	    	0	            0	            0
//		112	 	 123	    1	       32101	       1	        	1	    	1			1	    	0	            2	            1
		112	 	 17	    	1	       32392	       1	        	1	    	1			1	    	0	            0	            0
		112	 	 17	    	1	       32101	       1	        	1	    	1			1	    	0	            2	            0
		112	 	 142	    1	       32300	       0	        	1	    	1			1	    	0	            2	            1
		112	 	 141	    1	       32301	       0	        	1	    	1			1	    	0	            4	            1
		112	 	 140	    1	       32299	       0	        	1	    	1			1	    	0	            2	            1
		112	 	 71	    	1	       32392	       0	        	1	    	1			1	    	0	            0	            1
		112	 	 72	    	1	       32393	       0	        	1	    	1			1	    	0	            0	            1
		112	 	 148	    1	       32278	       1	        	1	    	1			1	    	0	            0	            0



//      Map      Object     Index      EffectCode      EffectValue      ColorR      ColorG      ColorB      EffectSize      EffectType      Hide      //
		122	 	 167	    1	       32392	       0	        	1	    	1			1	    	0	            0	            1
		122	 	 161	    1	       32101	       0	        	1	    	1			1	    	0	            2	            1
		122	 	 161	    1	       32392	       0	        	1	    	1			1	    	0	            0	            1
		122	 	 165	    1	       32101	       0	        	1	    	1			1	    	0	            5	            1
//		122	 	 173	    1	       32152	       0	        	1	    	1			1	    	1	            0	            1
		122	 	 168	    1	       32300	       0	        	1	    	1			1	    	0	            5	            1
//		122	 	 169	    1	       32113	       0	        	1	    	1			1	    	0	            1	            1
//		122	 	 170	    1	       32299	       0	        	1	    	1			1	    	0	            9	            1

//      Map      Object     Index      EffectCode      EffectValue      ColorR      ColorG      ColorB      EffectSize      EffectType      Hide      //
		136	 	160	    	1	       32392	       0	        	1	    	1			1	    	1	            0	            1
		136	 	160	    	1	       32101	       0	        	1	    	1			1	    	0	            2	            1
		136	 	161	    	1	       32392	       0	        	1	    	1			1	    	1	            0	            1
		136	 	161	    	1	       32101	       0	        	1	    	1			1	    	0	            2	            1
		136	 	165	    	1	       32392	       0	        	1	    	1			1	    	1	            0	            1
end