//--------------------------------------------------------------------------------------------------------------------------------------------------------------------------------------------------------------------------------------//
//EffectIndex 0 = StaticEffect | EffectIndex 1 = DynamicEffect											     									                //
//--------------------------------------------------------------------------------------------------------------------------------------------------------------------------------------------------------------------------------------//
//      Type            Index           EffectIndex     EffectCode      EffectValue	X		Y		Z		ColorR		ColorG		ColorB		EffectSize      EffectType	EffectSide	//
//--------------------------------------------------------------------------------------------------------------------------------------------------------------------------------------------------------------------------------------//
//Helm
7	110	1				32151			20				0.51	27.0	10.0	0.47		0.65		0.76		0.13			1			0.0	
7	110	0				32528			20				0.51	27.0	10.0	0.47		0.65		0.76		0.25			-			0.0	
7	110	0				32304			20				0.51	27.0	10.0	0.47		0.65		0.76		0.31    		-			0.0		
7	110	1				32049			20				0.51	27.0	10.0	0.40		0.92		1.00		0.00    		25			0.0	

//Armor
8	111	1				32151			02				0.0		-4.5	20.0	0.40		0.92		1.00		0.13			1			0.0	 		 //Circle
8	111	0				32528			02				0.0		-4.5	20.0	0.40		0.92		1.00		0.25			-			0.0	 		 //Flare
8	111	0				32304			02				0.0		-4.5	20.0	0.40		0.92		1.00		0.31    		-			0.0	 		 //Flare 2 [Inside]	
8	111	1				32049			02				0.0		-4.5	20.0	0.40		0.92		1.00		0.00    		25			0.0	


//Armor
8	112	1				32151			02				0.0		-4.5	20.0	0.40		0.92		1.00		0.13			1			0.0	 		 //Circle
8	112	0				32528			02				0.0		-4.5	20.0	0.40		0.92		1.00		0.25			-			0.0	 		 //Flare
8	112	0				32304			02				0.0		-4.5	20.0	0.40		0.92		1.00		0.31    		-			0.0	 		 //Flare 2 [Inside]	
8	112	1				32049			02				0.0		-4.5	20.0	0.40		0.92		1.00		0.00    		25			0.0	

//Armor
8	113	1				32151			02				0.0		-4.5	20.0	0.40		0.92		1.00		0.13			1			0.0	 		 //Circle
8	113	0				32528			02				0.0		-4.5	20.0	0.40		0.92		1.00		0.25			-			0.0	 		 //Flare
8	113	0				32304			02				0.0		-4.5	20.0	0.40		0.92		1.00		0.31    		-			0.0	 		 //Flare 2 [Inside]	
8	113	1				32049			02				0.0		-4.5	20.0	0.40		0.92		1.00		0.00    		25			0.0	

//Helm
7	114	1				32151			20				0.51	27.0	10.0	0.47		0.65		0.76		0.13			1			0.0	
7	114	0				32528			20				0.51	27.0	10.0	0.47		0.65		0.76		0.25			-			0.0	
7	114	0				32304			20				0.51	27.0	10.0	0.47		0.65		0.76		0.31    		-			0.0		
7	114	1				32049			20				0.51	27.0	10.0	0.40		0.92		1.00		0.00    		25			0.0	

//Helm
7	115	1				32151			20				0.51	27.0	10.0	0.47		0.65		0.76		0.13			1			0.0	
7	115	0				32528			20				0.51	27.0	10.0	0.47		0.65		0.76		0.25			-			0.0	
7	115	0				32304			20				0.51	27.0	10.0	0.47		0.65		0.76		0.31    		-			0.0		
7	115	1				32049			20				0.51	27.0	10.0	0.40		0.92		1.00		0.00    		25			0.0	

//Armor
8	116	1				32151			26				-12.0	0.0		0.0		0.47		0.65		0.76		0.13			1			0.0
8	116	0				32528			26				-12.0	0.0		0.0		0.47		0.65		0.76		0.25			-			0.0
8	116	0				32304			26				-12.0	0.0		0.0		0.47		0.65		0.76		0.31    		-			0.0
8	116	1				32049			26				-12.0	0.0		0.0		0.40		0.92		1.00		0.00    		25			0.0	

//Armor
8	117	1				32151			26				-12.0	0.0		0.0		0.47		0.65		0.76		0.13			1			0.0
8	117	0				32528			26				-12.0	0.0		0.0		0.47		0.65		0.76		0.25			-			0.0
8	117	0				32304			26				-12.0	0.0		0.0		0.47		0.65		0.76		0.31    		-			0.0
8	117	1				32049			26				-12.0	0.0		0.0		0.40		0.92		1.00		0.00    		25			0.0	

//Armor
8	118	1				32151			02				0.0		-4.5	20.0	0.40		0.92		1.00		0.13			1			0.0	 		 //Circle
8	118	0				32528			02				0.0		-4.5	20.0	0.40		0.92		1.00		0.25			-			0.0	 		 //Flare
8	118	0				32304			02				0.0		-4.5	20.0	0.40		0.92		1.00		0.31    		-			0.0	 		 //Flare 2 [Inside]	
8	118	1				32049			02				0.0		-4.5	20.0	0.40		0.92		1.00		0.00    		25			0.0	

//Helm
7	120	0				32242			20				0.10	20.0	12.5	0.3			0.3			0.3			0.7				-			0.0
7	120	0				32373			20				0.10	20.0	12.5	1.0			0.7			0.5			0.06			-			0.0	
7	120	0				32528			20				0.10	20.0	12.5	1.0			0.1			1.0			0.3				-			0.0		
7	120	1				32049			20				0.10	20.0	12.5	0.5			0.0			0.0			0.2				25			0.0	
7	120	1				32049			20				0.10	20.0	12.5	1.0			0.5			0.0			0.2				25			0.0	

//Gloves
10	121	0				32242			37				0.0		-13.0	-13.0	0.3			0.3			0.3			0.7				-			0.0
10	121	0				32373			37				0.0		-13.0	-13.0	1.0			0.7			0.5			0.06			-			0.0	
10	121	0				32528			37				0.0		-13.0	-13.0	1.0			0.1			1.0			0.3				-			0.0		
10	121	1				32049			37				0.0		-13.0	-13.0	0.5			0.0			0.0			0.2				25			0.0	
10	121	1				32049			37				0.0		-13.0	-13.0	1.0			0.5			0.0			0.2				25			0.0	

//Gloves
10	122	0				32242			37				0.0		-13.0	-13.0	0.3			0.3			0.3			0.7				-			0.0
10	122	0				32373			37				0.0		-13.0	-13.0	1.0			0.7			0.5			0.06			-			0.0	
10	122	0				32528			37				0.0		-13.0	-13.0	1.0			0.1			1.0			0.3				-			0.0		
10	122	1				32049			37				0.0		-13.0	-13.0	0.5			0.0			0.0			0.2				25			0.0	
10	122	1				32049			37				0.0		-13.0	-13.0	1.0			0.5			0.0			0.2				25			0.0	

//Gloves
10	123	0				32242			37				0.0		-13.0	-13.0	0.3			0.3			0.3			0.7				-			0.0
10	123	0				32373			37				0.0		-13.0	-13.0	1.0			0.7			0.5			0.06			-			0.0	
10	123	0				32528			37				0.0		-13.0	-13.0	1.0			0.1			1.0			0.3				-			0.0		
10	123	1				32049			37				0.0		-13.0	-13.0	0.5			0.0			0.0			0.2				25			0.0	
10	123	1				32049			37				0.0		-13.0	-13.0	1.0			0.5			0.0			0.2				25			0.0	

//Helm
7	124	0				32242			20				0.10	20.0	12.5	0.3			0.3			0.3			0.7				-			0.0
7	124	0				32373			20				0.10	20.0	12.5	1.0			0.7			0.5			0.06			-			0.0	
7	124	0				32528			20				0.10	20.0	12.5	1.0			0.1			1.0			0.3				-			0.0		
7	124	1				32049			20				0.10	20.0	12.5	0.5			0.0			0.0			0.2				25			0.0	
7	124	1				32049			20				0.10	20.0	12.5	1.0			0.5			0.0			0.2				25			0.0	

//Helm
7	125	0				32242			20				0.10	20.0	12.5	0.3			0.3			0.3			0.7				-			0.0
7	125	0				32373			20				0.10	20.0	12.5	1.0			0.7			0.5			0.06			-			0.0	
7	125	0				32528			20				0.10	20.0	12.5	1.0			0.1			1.0			0.3				-			0.0		
7	125	1				32049			20				0.10	20.0	12.5	0.5			0.0			0.0			0.2				25			0.0	
7	125	1				32049			20				0.10	20.0	12.5	1.0			0.5			0.0			0.2				25			0.0	

//Gloves
10	126	0				32242			37				0.0		-9.0	-15.0	0.3			0.3			0.3			0.7				-			0.0
10	126	0				32373			37				0.0		-9.0	-15.0	1.0			0.7			0.5			0.06			-			0.0	
10	126	0				32528			37				0.0		-9.0	-15.0	1.0			0.1			1.0			0.3				-			0.0		
10	126	1				32049			37				0.0		-9.0	-15.0	0.5			0.0			0.0			0.2				25			0.0	
10	126	1				32049			37				0.0		-9.0	-15.0	1.0			0.5			0.0			0.2				25			0.0	

//Gloves
10	127	0				32242			37				0.0		-9.0	-15.0	0.3			0.3			0.3			0.7				-			0.0
10	127	0				32373			37				0.0		-9.0	-15.0	1.0			0.7			0.5			0.06			-			0.0	
10	127	0				32528			37				0.0		-9.0	-15.0	1.0			0.1			1.0			0.3				-			0.0		
10	127	1				32049			37				0.0		-9.0	-15.0	0.5			0.0			0.0			0.2				25			0.0	
10	127	1				32049			37				0.0		-9.0	-15.0	1.0			0.5			0.0			0.2				25			0.0	

//Pants
9	130	0				32380			2				0.0		-20.0	22.0	0.4			0.4			1.0			0.4				-			0.0		
9	130	0				32528			2				-4.5	-8.5	22.0	0.06		0.3			1.0			0.125			-			0.0		
9	130	1				32002			2				-4.5	-8.5	22.0	0.0			0.17		0.6			0.4				20			0.0	
9	130	0				32528			2				-4.5	-8.5	22.0	0.06		0.3			1.0			0.125			-			0.0		
9	130	1				32002			2				-4.5	-8.5	22.0	0.0			0.17		0.6			0.4				20			0.0			
9	130	0				32376			2				-4.5	-8.5	22.0	0.5			0.5			0.5			0.15			-			115.0		
9	130	0				32376			2				-4.5	-8.5	22.0	0.5			0.5			0.5			0.15			-			-115.0			
9	130	0				32528			2				4.5		-8.5	22.0	0.06		0.3			1.0			0.125			-			0.0		
9	130	1				32002			2				4.5		-8.5	22.0	0.0			0.17		0.6			0.4				20			0.0	
9	130	0				32528			2				4.5		-8.5	22.0	0.06		0.3			1.0			0.125			-			0.0		
9	130	1				32002			2				4.5		-8.5	22.0	0.0			0.17		0.6			0.4				20			0.0			
9	130	0				32376			2				4.5		-8.5	22.0	0.5			0.5			0.5			0.15			-			115.0		
9	130	0				32376			2				4.5		-8.5	22.0	0.5			0.5			0.5			0.15			-			-115.0		

//Pants
9	131	0				32380			2				0.0		-20.0	22.0	0.4			0.4			1.0			0.4				-			0.0		
9	131	0				32528			2				-4.5	-8.5	22.0	0.06		0.3			1.0			0.125			-			0.0		
9	131	1				32002			2				-4.5	-8.5	22.0	0.0			0.17		0.6			0.4				20			0.0	
9	131	0				32528			2				-4.5	-8.5	22.0	0.06		0.3			1.0			0.125			-			0.0		
9	131	1				32002			2				-4.5	-8.5	22.0	0.0			0.17		0.6			0.4				20			0.0			
9	131	0				32376			2				-4.5	-8.5	22.0	0.5			0.5			0.5			0.15			-			115.0		
9	131	0				32376			2				-4.5	-8.5	22.0	0.5			0.5			0.5			0.15			-			-115.0			
9	131	0				32528			2				4.5		-8.5	22.0	0.06		0.3			1.0			0.125			-			0.0		
9	131	1				32002			2				4.5		-8.5	22.0	0.0			0.17		0.6			0.4				20			0.0	
9	131	0				32528			2				4.5		-8.5	22.0	0.06		0.3			1.0			0.125			-			0.0		
9	131	1				32002			2				4.5		-8.5	22.0	0.0			0.17		0.6			0.4				20			0.0			
9	131	0				32376			2				4.5		-8.5	22.0	0.5			0.5			0.5			0.15			-			115.0		
9	131	0				32376			2				4.5		-8.5	22.0	0.5			0.5			0.5			0.15			-			-115.0		


//Pants
9	132	0				32380			2				0.0		-20.0	22.0	0.4			0.4			1.0			0.4				-			0.0		
9	132	0				32528			2				-4.5	-8.5	22.0	0.06		0.3			1.0			0.125			-			0.0		
9	132	1				32002			2				-4.5	-8.5	22.0	0.0			0.17		0.6			0.4				20			0.0	
9	132	0				32528			2				-4.5	-8.5	22.0	0.06		0.3			1.0			0.125			-			0.0		
9	132	1				32002			2				-4.5	-8.5	22.0	0.0			0.17		0.6			0.4				20			0.0			
9	132	0				32376			2				-4.5	-8.5	22.0	0.5			0.5			0.5			0.15			-			115.0		
9	132	0				32376			2				-4.5	-8.5	22.0	0.5			0.5			0.5			0.15			-			-115.0			
9	132	0				32528			2				4.5		-8.5	22.0	0.06		0.3			1.0			0.125			-			0.0		
9	132	1				32002			2				4.5		-8.5	22.0	0.0			0.17		0.6			0.4				20			0.0	
9	132	0				32528			2				4.5		-8.5	22.0	0.06		0.3			1.0			0.125			-			0.0		
9	132	1				32002			2				4.5		-8.5	22.0	0.0			0.17		0.6			0.4				20			0.0			
9	132	0				32376			2				4.5		-8.5	22.0	0.5			0.5			0.5			0.15			-			115.0		
9	132	0				32376			2				4.5		-8.5	22.0	0.5			0.5			0.5			0.15			-			-115.0		

//Pants
9	133	0				32380			2				0.0		-20.0	22.0	0.4			0.4			1.0			0.4				-			0.0		
9	133	0				32528			2				-4.5	-8.5	22.0	0.06		0.3			1.0			0.125			-			0.0		
9	133	1				32002			2				-4.5	-8.5	22.0	0.0			0.17		0.6			0.4				20			0.0	
9	133	0				32528			2				-4.5	-8.5	22.0	0.06		0.3			1.0			0.125			-			0.0		
9	133	1				32002			2				-4.5	-8.5	22.0	0.0			0.17		0.6			0.4				20			0.0			
9	133	0				32376			2				-4.5	-8.5	22.0	0.5			0.5			0.5			0.15			-			115.0		
9	133	0				32376			2				-4.5	-8.5	22.0	0.5			0.5			0.5			0.15			-			-115.0			
9	133	0				32528			2				4.5		-8.5	22.0	0.06		0.3			1.0			0.125			-			0.0		
9	133	1				32002			2				4.5		-8.5	22.0	0.0			0.17		0.6			0.4				20			0.0	
9	133	0				32528			2				4.5		-8.5	22.0	0.06		0.3			1.0			0.125			-			0.0		
9	133	1				32002			2				4.5		-8.5	22.0	0.0			0.17		0.6			0.4				20			0.0			
9	133	0				32376			2				4.5		-8.5	22.0	0.5			0.5			0.5			0.15			-			115.0		
9	133	0				32376			2				4.5		-8.5	22.0	0.5			0.5			0.5			0.15			-			-115.0		

//Pants
9	134	0				32380			2				0.0		-20.0	22.0	0.4			0.4			1.0			0.4				-			0.0		
9	134	0				32528			2				-4.5	-8.5	22.0	0.06		0.3			1.0			0.125			-			0.0		
9	134	1				32002			2				-4.5	-8.5	22.0	0.0			0.17		0.6			0.4				20			0.0	
9	134	0				32528			2				-4.5	-8.5	22.0	0.06		0.3			1.0			0.125			-			0.0		
9	134	1				32002			2				-4.5	-8.5	22.0	0.0			0.17		0.6			0.4				20			0.0			
9	134	0				32376			2				-4.5	-8.5	22.0	0.5			0.5			0.5			0.15			-			115.0		
9	134	0				32376			2				-4.5	-8.5	22.0	0.5			0.5			0.5			0.15			-			-115.0			
9	134	0				32528			2				4.5		-8.5	22.0	0.06		0.3			1.0			0.125			-			0.0		
9	134	1				32002			2				4.5		-8.5	22.0	0.0			0.17		0.6			0.4				20			0.0	
9	134	0				32528			2				4.5		-8.5	22.0	0.06		0.3			1.0			0.125			-			0.0		
9	134	1				32002			2				4.5		-8.5	22.0	0.0			0.17		0.6			0.4				20			0.0			
9	134	0				32376			2				4.5		-8.5	22.0	0.5			0.5			0.5			0.15			-			115.0		
9	134	0				32376			2				4.5		-8.5	22.0	0.5			0.5			0.5			0.15			-			-115.0		

//Pants
9	135	0				32380			2				0.0		-20.0	22.0	0.4			0.4			1.0			0.4				-			0.0		
9	135	0				32528			2				-4.5	-8.5	22.0	0.06		0.3			1.0			0.125			-			0.0		
9	135	1				32002			2				-4.5	-8.5	22.0	0.0			0.17		0.6			0.4				20			0.0	
9	135	0				32528			2				-4.5	-8.5	22.0	0.06		0.3			1.0			0.125			-			0.0		
9	135	1				32002			2				-4.5	-8.5	22.0	0.0			0.17		0.6			0.4				20			0.0			
9	135	0				32376			2				-4.5	-8.5	22.0	0.5			0.5			0.5			0.15			-			115.0		
9	135	0				32376			2				-4.5	-8.5	22.0	0.5			0.5			0.5			0.15			-			-115.0			
9	135	0				32528			2				4.5		-8.5	22.0	0.06		0.3			1.0			0.125			-			0.0		
9	135	1				32002			2				4.5		-8.5	22.0	0.0			0.17		0.6			0.4				20			0.0	
9	135	0				32528			2				4.5		-8.5	22.0	0.06		0.3			1.0			0.125			-			0.0		
9	135	1				32002			2				4.5		-8.5	22.0	0.0			0.17		0.6			0.4				20			0.0			
9	135	0				32376			2				4.5		-8.5	22.0	0.5			0.5			0.5			0.15			-			115.0		
9	135	0				32376			2				4.5		-8.5	22.0	0.5			0.5			0.5			0.15			-			-115.0		

//Pants
9	136	0				32380			2				0.0		-10.0	20.0	0.4			0.4			1.0			0.4				-			0.0		
9	136	0				32528			2				-4.5	-0.5	20.0	0.06		0.3			1.0			0.125			-			0.0		
9	136	1				32002			2				-4.5	-0.5	20.0	0.0			0.17		0.6			0.4				20			0.0	
9	136	0				32528			2				-4.5	-0.5	20.0	0.06		0.3			1.0			0.125			-			0.0		
9	136	1				32002			2				-4.5	-0.5	20.0	0.0			0.17		0.6			0.4				20			0.0			
9	136	0				32376			2				-4.5	-0.5	20.0	0.5			0.5			0.5			0.15			-			115.0		
9	136	0				32376			2				-4.5	-0.5	20.0	0.5			0.5			0.5			0.15			-			-115.0			
9	136	0				32528			2				4.5		-0.5	20.0	0.06		0.3			1.0			0.125			-			0.0		
9	136	1				32002			2				4.5		-0.5	20.0	0.0			0.17		0.6			0.4				20			0.0	
9	136	0				32528			2				4.5		-0.5	20.0	0.06		0.3			1.0			0.125			-			0.0		
9	136	1				32002			2				4.5		-0.5	20.0	0.0			0.17		0.6			0.4				20			0.0			
9	136	0				32376			2				4.5		-0.5	20.0	0.5			0.5			0.5			0.15			-			115.0		
9	136	0				32376			2				4.5		-0.5	20.0	0.5			0.5			0.5			0.15			-			-115.0				

//Pants
9	137	0				32380			2				0.0		-10.0	20.0	0.4			0.4			1.0			0.4				-			0.0		
9	137	0				32528			2				-4.5	-0.5	20.0	0.06		0.3			1.0			0.125			-			0.0		
9	137	1				32002			2				-4.5	-0.5	20.0	0.0			0.17		0.6			0.4				20			0.0	
9	137	0				32528			2				-4.5	-0.5	20.0	0.06		0.3			1.0			0.125			-			0.0		
9	137	1				32002			2				-4.5	-0.5	20.0	0.0			0.17		0.6			0.4				20			0.0			
9	137	0				32376			2				-4.5	-0.5	20.0	0.5			0.5			0.5			0.15			-			115.0		
9	137	0				32376			2				-4.5	-0.5	20.0	0.5			0.5			0.5			0.15			-			-115.0			
9	137	0				32528			2				4.5		-0.5	20.0	0.06		0.3			1.0			0.125			-			0.0		
9	137	1				32002			2				4.5		-0.5	20.0	0.0			0.17		0.6			0.4				20			0.0	
9	137	0				32528			2				4.5		-0.5	20.0	0.06		0.3			1.0			0.125			-			0.0		
9	137	1				32002			2				4.5		-0.5	20.0	0.0			0.17		0.6			0.4				20			0.0			
9	137	0				32376			2				4.5		-0.5	20.0	0.5			0.5			0.5			0.15			-			115.0		
9	137	0				32376			2				4.5		-0.5	20.0	0.5			0.5			0.5			0.15			-			-115.0				

//Armor
8	140	0				32380			35			10.0	0.0		-08.0	0.78		0.33		1.0			0.4				-			0.0		
8	140	0				32380			35			-10.0	3.0		08.0	0.78		0.33		1.0			0.4				-			0.0	
//8	140	1				32071			35			10.0	0.0		-03.0	0.16		0.00		1.0			-1.60			11			0.0		
//8	140	1				32071			35			-10.0	3.0		03.0	0.16		0.00		1.0			-1.60			11			0.0	

//Armor
8	141	0				32380			35			10.0	0.0		-10.0	0.78		0.33		1.0			0.4				-			0.0		
8	141	0				32380			35			-10.0	3.0		10.0	0.78		0.33		1.0			0.4				-			0.0	
//8	141	1				32071			35			10.0	0.0		-10.0	0.16		0.00		1.0			-1.60			11			0.0		
//8	141	1				32071			35			-10.0	3.0		10.0	0.16		0.00		1.0			-1.60			11			0.0	

//Armor
8	142	0				32380			35			10.0	0.0		-10.0	0.78		0.33		1.0			0.4				-			0.0		
8	142	0				32380			35			-10.0	3.0		10.0	0.78		0.33		1.0			0.4				-			0.0	
//8	142	1				32071			35			10.0	0.0		-10.0	0.16		0.00		1.0			-1.60			11			0.0		
//8	142	1				32071			35			-10.0	3.0		10.0	0.16		0.00		1.0			-1.60			11			0.0	

//Armor
8	143	0				32380			35			10.0	0.0		-10.0	0.78		0.33		1.0			0.4				-			0.0		
8	143	0				32380			35			-10.0	3.0		10.0	0.78		0.33		1.0			0.4				-			0.0	
//8	143	1				32071			35			10.0	0.0		-10.0	0.16		0.00		1.0			-1.60			11			0.0		
//8	143	1				32071			35			-10.0	3.0		10.0	0.16		0.00		1.0			-1.60			11			0.0	

//Armor
8	144	0				32380			35			10.0	0.0		-08.0	0.78		0.33		1.0			0.4				-			0.0		
8	144	0				32380			35			-10.0	3.0		08.0	0.78		0.33		1.0			0.4				-			0.0	
//8	144	1				32071			35			10.0	0.0		-03.0	0.16		0.00		1.0			-1.60			11			0.0		
//8	144	1				32071			35			-10.0	3.0		03.0	0.16		0.00		1.0			-1.60			11			0.0	

//Armor
8	145	0				32380			35			10.0	0.0		-08.0	0.78		0.33		1.0			0.4				-			0.0		
8	145	0				32380			35			-10.0	3.0		08.0	0.78		0.33		1.0			0.4				-			0.0	
//8	145	1				32071			35			10.0	0.0		-03.0	0.16		0.00		1.0			-1.60			11			0.0		
//8	145	1				32071			35			-10.0	3.0		03.0	0.16		0.00		1.0			-1.60			11			0.0	

//Armor
8	146	0				32380			35			10.0	0.0		-10.0	0.78		0.33		1.0			0.4				-			0.0		
8	146	0				32380			35			-10.0	3.0		10.0	0.78		0.33		1.0			0.4				-			0.0	
//8	146	1				32071			35			10.0	0.0		-10.0	0.16		0.00		1.0			-1.60			11			0.0		
//8	146	1				32071			35			-10.0	3.0		10.0	0.16		0.00		1.0			-1.60			11			0.0	

//Armor
8	147	0				32380			35			10.0	0.0		-10.0	0.78		0.33		1.0			0.4				-			0.0		
8	147	0				32380			35			-10.0	3.0		10.0	0.78		0.33		1.0			0.4				-			0.0	
//8	147	1				32071			35			10.0	0.0		-10.0	0.16		0.00		1.0			-1.60			11			0.0		
//8	147	1				32071			35			-10.0	3.0		10.0	0.16		0.00		1.0			-1.60			11			0.0	

//Armor
8	148	0				32380			35			10.0	0.0		-10.0	0.78		0.33		1.0			0.4				-			0.0		
8	148	0				32380			35			-10.0	3.0		10.0	0.78		0.33		1.0			0.4				-			0.0	
//8	148	1				32071			35			10.0	0.0		-10.0	0.16		0.00		1.0			-1.60			11			0.0		
//8	148	1				32071			35			-10.0	3.0		10.0	0.16		0.00		1.0			-1.60			11			0.0	

//Armor
8	150	0				32380			26			0.0		0.0		0.0		1.0			0.6			0.3			0.5				-			0.0		
8	150	0				32380			26			0.0		0.0		0.0		0.5			0.5			0.5			0.5				-			0.0		
8	150	0				32380			35			3.0		10.0	3.0		0.0			0.6			1.0			0.4				-			0.0	
8	150	0				32528			35			3.0		10.0	3.0		0.0			0.6			1.0			0.4				-			0.0		
8	150	1				32049			35			3.0		10.0	3.0		0.0			0.9 		1.0			1.0				25			0.0		

//Armor
8	151	0				32380			26			0.0		0.0		0.0		1.0			0.6			0.3			0.6				-			0.0		
8	151	0				32380			26			0.0		0.0		0.0		0.5			0.5			0.5			0.5				-			0.0		
8	151	0				32380			34			3.0		15.0	0.0		1.0			0.6			0.3			0.7				-			0.0		
8	151	0				32380			34			3.0		15.0	0.0		0.5			0.5			0.5			0.7				-			0.0		
8	151	0				32380			35			15.0	5.0		12.0	0.0			0.6			1.0			0.4				-			0.0	
8	151	0				32528			35			15.0	5.0		12.0	0.0			0.6			1.0			0.4				-			0.0		
8	151	1				32049			35			15.0	5.0		09.0	0.0			0.9 		1.0			1.0				25			0.0		

//Armor
8	152	0				32380			26			0.0		0.0		0.0		1.0			0.6			0.3			0.6				-			0.0		
8	152	0				32380			26			0.0		0.0		0.0		0.5			0.5			0.5			0.5				-			0.0		
8	152	0				32380			34			3.0		15.0	0.0		1.0			0.6			0.3			0.7				-			0.0		
8	152	0				32380			34			3.0		15.0	0.0		0.5			0.5			0.5			0.7				-			0.0		
8	152	0				32380			35			15.0	5.0		12.0	0.0			0.6			1.0			0.4				-			0.0	
8	152	0				32528			35			15.0	5.0		12.0	0.0			0.6			1.0			0.4				-			0.0		
8	152	1				32049			35			15.0	5.0		09.0	0.0			0.9 		1.0			1.0				25			0.0		

//Armor
8	153	0				32380			26			0.0		0.0		0.0		1.0			0.6			0.3			0.6				-			0.0		
8	153	0				32380			26			0.0		0.0		0.0		0.5			0.5			0.5			0.5				-			0.0		
8	153	0				32380			34			3.0		15.0	0.0		1.0			0.6			0.3			0.7				-			0.0		
8	153	0				32380			34			3.0		15.0	0.0		0.5			0.5			0.5			0.7				-			0.0		
8	153	0				32380			35			15.0	5.0		12.0	0.0			0.6			1.0			0.4				-			0.0	
8	153	0				32528			35			15.0	5.0		12.0	0.0			0.6			1.0			0.4				-			0.0		
8	153	1				32049			35			15.0	5.0		09.0	0.0			0.9 		1.0			1.0				25			0.0		

//Armor
8	154	0				32380			26			0.0		0.0		0.0		1.0			0.6			0.3			0.5				-			0.0		
8	154	0				32380			26			0.0		0.0		0.0		0.5			0.5			0.5			0.5				-			0.0		
8	154	0				32380			35			3.0		10.0	3.0		0.0			0.6			1.0			0.4				-			0.0	
8	154	0				32528			35			3.0		10.0	3.0		0.0			0.6			1.0			0.4				-			0.0		
8	154	1				32049			35			3.0		10.0	3.0		0.0			0.9 		1.0			1.0				25			0.0		

//Armor
8	155	0				32380			26			0.0		0.0		0.0		1.0			0.6			0.3			0.5				-			0.0		
8	155	0				32380			26			0.0		0.0		0.0		0.5			0.5			0.5			0.5				-			0.0		
8	155	0				32380			35			3.0		10.0	3.0		0.0			0.6			1.0			0.4				-			0.0	
8	155	0				32528			35			3.0		10.0	3.0		0.0			0.6			1.0			0.4				-			0.0		
8	155	1				32049			35			3.0		10.0	3.0		0.0			0.9 		1.0			1.0				25			0.0		

//Armor
8	156	0				32380			26			-10.0	12.0	0.0		1.0			0.6			0.3			0.6				-			0.0		
8	156	0				32380			26			-10.0	12.0	0.0		0.5			0.5			0.5			0.5				-			0.0		
8	156	0				32380			35			15.0	10.0	9.0		0.0			0.6			1.0			0.4				-			0.0	
8	156	0				32528			35			15.0	10.0	9.0		0.0			0.6			1.0			0.4				-			0.0		
8	156	1				32049			35			15.0	10.0	9.0		0.0			0.9 		1.0			1.0				25			0.0		

//Armor
8	157	0				32380			26			-10.0	12.0	0.0		1.0			0.6			0.3			0.6				-			0.0		
8	157	0				32380			26			-10.0	12.0	0.0		0.5			0.5			0.5			0.5				-			0.0		
8	157	0				32380			35			15.0	10.0	9.0		0.0			0.6			1.0			0.4				-			0.0	
8	157	0				32528			35			15.0	10.0	9.0		0.0			0.6			1.0			0.4				-			0.0		
8	157	1				32049			35			15.0	10.0	9.0		0.0			0.9 		1.0			1.0				25			0.0		

//Armor
8	157	0				32380			26			0.0		0.0		0.0		1.0			0.6			0.3			0.6				-			0.0		
8	157	0				32380			26			0.0		0.0		0.0		0.5			0.5			0.5			0.5				-			0.0		
8	157	0				32380			34			3.0		15.0	0.0		1.0			0.6			0.3			0.7				-			0.0		
8	157	0				32380			34			3.0		15.0	0.0		0.5			0.5			0.5			0.7				-			0.0		
8	157	0				32380			35			15.0	5.0		12.0	0.0			0.6			1.0			0.4				-			0.0	
8	157	0				32528			35			15.0	5.0		12.0	0.0			0.6			1.0			0.4				-			0.0		
8	157	1				32049			35			15.0	5.0		09.0	0.0			0.9 		1.0			1.0				25			0.0		

//Armor
8	160	0				32380			25			0.0		0.0		0.0		0.0			0.7			0.7			0.5				-			0.0		
8	160	0				32380			26			0.0		0.0		0.0		0.0			0.7			0.7			0.5				-			0.0		
8	160	0				32380			34			0.0		0.0		0.0		0.0			0.7			0.7			0.5				-			0.0		
8	160	0				32380			35			0.0		0.0		0.0		0.0			0.7			0.7			0.5				-			0.0		
8	160	1				32049			26			0.0		0.0		0.0		0.0			0.7			0.7			1.0				25			0.0		
8	160	1				32049			35			0.0		0.0		0.0		0.0			0.7			0.7			1.0				25			0.0		
8	160	0				32528			25			0.0		0.0		0.0		0.0			0.7			0.7			0.5				-			0.0		
8	160	0				32528			26			0.0		0.0		0.0		0.0			0.7			0.7			0.4				-			0.0		
8	160	0				32528			34			0.0		0.0		0.0		0.0			0.7			0.7			0.5				-			0.0		
8	160	0				32528			35			0.0		0.0		0.0		0.0			0.7			0.7			0.4				-			0.0		

//Armor
8	161	0				32380			25			0.0		0.0		0.0		0.0			0.7			0.7			0.8				-			0.0		
8	161	0				32380			26			0.0		0.0		0.0		0.0			0.7			0.7			0.8				-			0.0		
8	161	0				32380			34			0.0		0.0		0.0		0.0			0.7			0.7			0.8				-			0.0		
8	161	0				32380			35			0.0		0.0		0.0		0.0			0.7			0.7			0.8				-			0.0		
8	161	1				32049			26			0.0		0.0		0.0		0.0			0.7			0.7			1.0				25			0.0		
8	161	1				32049			35			0.0		0.0		0.0		0.0			0.7			0.7			1.0				25			0.0		
8	161	0				32528			25			0.0		0.0		0.0		0.0			0.7			0.7			0.5				-			0.0		
8	161	0				32528			26			0.0		0.0		0.0		0.0			0.7			0.7			0.4				-			0.0		
8	161	0				32528			34			0.0		0.0		0.0		0.0			0.7			0.7			0.5				-			0.0		
8	161	0				32528			35			0.0		0.0		0.0		0.0			0.7			0.7			0.4				-			0.0		

//Armor
8	162	0				32380			25			0.0		0.0		0.0		0.0			0.7			0.7			0.8				-			0.0		
8	162	0				32380			26			0.0		0.0		0.0		0.0			0.7			0.7			0.8				-			0.0		
8	162	0				32380			34			0.0		0.0		0.0		0.0			0.7			0.7			0.8				-			0.0		
8	162	0				32380			35			0.0		0.0		0.0		0.0			0.7			0.7			0.8				-			0.0		
8	162	1				32049			26			0.0		0.0		0.0		0.0			0.7			0.7			1.0				25			0.0		
8	162	1				32049			35			0.0		0.0		0.0		0.0			0.7			0.7			1.0				25			0.0		
8	162	0				32528			25			0.0		0.0		0.0		0.0			0.7			0.7			0.5				-			0.0		
8	162	0				32528			26			0.0		0.0		0.0		0.0			0.7			0.7			0.4				-			0.0		
8	162	0				32528			34			0.0		0.0		0.0		0.0			0.7			0.7			0.5				-			0.0		
8	162	0				32528			35			0.0		0.0		0.0		0.0			0.7			0.7			0.4				-			0.0		

//Armor
8	163	0				32380			25			0.0		0.0		0.0		0.0			0.7			0.7			0.8				-			0.0		
8	163	0				32380			26			0.0		0.0		0.0		0.0			0.7			0.7			0.8				-			0.0		
8	163	0				32380			34			0.0		0.0		0.0		0.0			0.7			0.7			0.8				-			0.0		
8	163	0				32380			35			0.0		0.0		0.0		0.0			0.7			0.7			0.8				-			0.0		
8	163	1				32049			26			0.0		0.0		0.0		0.0			0.7			0.7			1.0				25			0.0		
8	163	1				32049			35			0.0		0.0		0.0		0.0			0.7			0.7			1.0				25			0.0		
8	163	0				32528			25			0.0		0.0		0.0		0.0			0.7			0.7			0.5				-			0.0		
8	163	0				32528			26			0.0		0.0		0.0		0.0			0.7			0.7			0.4				-			0.0		
8	163	0				32528			34			0.0		0.0		0.0		0.0			0.7			0.7			0.5				-			0.0		
8	163	0				32528			35			0.0		0.0		0.0		0.0			0.7			0.7			0.4				-			0.0		

//Armor
8	164	0				32380			25			0.0		0.0		0.0		0.0			0.7			0.7			0.5				-			0.0		
8	164	0				32380			26			0.0		0.0		0.0		0.0			0.7			0.7			0.5				-			0.0		
8	164	0				32380			34			0.0		0.0		0.0		0.0			0.7			0.7			0.5				-			0.0		
8	164	0				32380			35			0.0		0.0		0.0		0.0			0.7			0.7			0.5				-			0.0		
8	164	1				32049			26			0.0		0.0		0.0		0.0			0.7			0.7			1.0				25			0.0		
8	164	1				32049			35			0.0		0.0		0.0		0.0			0.7			0.7			1.0				25			0.0		
8	164	0				32528			25			0.0		0.0		0.0		0.0			0.7			0.7			0.5				-			0.0		
8	164	0				32528			26			0.0		0.0		0.0		0.0			0.7			0.7			0.4				-			0.0		
8	164	0				32528			34			0.0		0.0		0.0		0.0			0.7			0.7			0.5				-			0.0		
8	164	0				32528			35			0.0		0.0		0.0		0.0			0.7			0.7			0.4				-			0.0		

//Armor
8	165	0				32380			25			0.0		0.0		0.0		0.0			0.7			0.7			0.5				-			0.0		
8	165	0				32380			26			0.0		0.0		0.0		0.0			0.7			0.7			0.5				-			0.0		
8	165	0				32380			34			0.0		0.0		0.0		0.0			0.7			0.7			0.5				-			0.0		
8	165	0				32380			35			0.0		0.0		0.0		0.0			0.7			0.7			0.5				-			0.0		
8	165	1				32049			26			0.0		0.0		0.0		0.0			0.7			0.7			1.0				25			0.0		
8	165	1				32049			35			0.0		0.0		0.0		0.0			0.7			0.7			1.0				25			0.0		
8	165	0				32528			25			0.0		0.0		0.0		0.0			0.7			0.7			0.5				-			0.0		
8	165	0				32528			26			0.0		0.0		0.0		0.0			0.7			0.7			0.4				-			0.0		
8	165	0				32528			34			0.0		0.0		0.0		0.0			0.7			0.7			0.5				-			0.0		
8	165	0				32528			35			0.0		0.0		0.0		0.0			0.7			0.7			0.4				-			0.0		

//Armor
8	166	0				32380			25			0.0		0.0		0.0		0.0			0.7			0.7			0.7				-			0.0		
8	166	0				32380			26			0.0		0.0		0.0		0.0			0.7			0.7			0.7				-			0.0		
8	166	0				32380			34			0.0		0.0		0.0		0.0			0.7			0.7			0.7				-			0.0		
8	166	0				32380			35			0.0		0.0		0.0		0.0			0.7			0.7			0.7				-			0.0		
8	166	1				32049			26			0.0		0.0		0.0		0.0			0.7			0.7			1.0				25			0.0		
8	166	1				32049			35			0.0		0.0		0.0		0.0			0.7			0.7			1.0				25			0.0		
8	166	0				32528			25			0.0		0.0		0.0		0.0			0.7			0.7			0.5				-			0.0		
8	166	0				32528			26			0.0		0.0		0.0		0.0			0.7			0.7			0.4				-			0.0		
8	166	0				32528			34			0.0		0.0		0.0		0.0			0.7			0.7			0.5				-			0.0		
8	166	0				32528			35			0.0		0.0		0.0		0.0			0.7			0.7			0.4				-			0.0		

//Armor
8	167	0				32380			25			0.0		0.0		0.0		0.0			0.7			0.7			0.7				-			0.0		
8	167	0				32380			26			0.0		0.0		0.0		0.0			0.7			0.7			0.7				-			0.0		
8	167	0				32380			34			0.0		0.0		0.0		0.0			0.7			0.7			0.7				-			0.0		
8	167	0				32380			35			0.0		0.0		0.0		0.0			0.7			0.7			0.7				-			0.0		
8	167	1				32049			26			0.0		0.0		0.0		0.0			0.7			0.7			1.0				25			0.0		
8	167	1				32049			35			0.0		0.0		0.0		0.0			0.7			0.7			1.0				25			0.0		
8	167	0				32528			25			0.0		0.0		0.0		0.0			0.7			0.7			0.5				-			0.0		
8	167	0				32528			26			0.0		0.0		0.0		0.0			0.7			0.7			0.4				-			0.0		
8	167	0				32528			34			0.0		0.0		0.0		0.0			0.7			0.7			0.5				-			0.0		
8	167	0				32528			35			0.0		0.0		0.0		0.0			0.7			0.7			0.4				-			0.0		

//Armor
8	168	0				32380			25			0.0		0.0		0.0		0.0			0.7			0.7			0.8				-			0.0		
8	168	0				32380			26			0.0		0.0		0.0		0.0			0.7			0.7			0.8				-			0.0		
8	168	0				32380			34			0.0		0.0		0.0		0.0			0.7			0.7			0.8				-			0.0		
8	168	0				32380			35			0.0		0.0		0.0		0.0			0.7			0.7			0.8				-			0.0		
8	168	1				32049			26			0.0		0.0		0.0		0.0			0.7			0.7			1.0				25			0.0		
8	168	1				32049			35			0.0		0.0		0.0		0.0			0.7			0.7			1.0				25			0.0		
8	168	0				32528			25			0.0		0.0		0.0		0.0			0.7			0.7			0.5				-			0.0		
8	168	0				32528			26			0.0		0.0		0.0		0.0			0.7			0.7			0.4				-			0.0		
8	168	0				32528			34			0.0		0.0		0.0		0.0			0.7			0.7			0.5				-			0.0		
8	168	0				32528			35			0.0		0.0		0.0		0.0			0.7			0.7			0.4				-			0.0		

//Gloves
10	170	1		        32393		    37		    0.0		-13.0	-13.0	1.0		    0.5	        0.5  		0.50		    0.1			0.8
10	170	1		        32393		    28		    0.0		-13.0	-13.0	1.0		    0.5	        0.5  		0.50		    0.1			0.8
10	170	1		        32393		    37		    0.0		-13.0	-13.0	1.0		    0.5	        0.5  		0.50		    0.1			0.8
10	170	1		        32393		    28		    0.0		-13.0	-13.0	1.0		    0.5	        0.5  		0.50		    0.1			0.8
10	171	1		        32393		    37		    0.0		-13.0	-13.0	1.0		    0.5	        0.5  		0.50		    0.1			0.8
10	171	1		        32393		    28		    0.0		-13.0	-13.0	1.0		    0.5	        0.5  		0.50		    0.1			0.8
10	171	1		        32393		    37		    0.0		-13.0	-13.0	1.0		    0.5	        0.5  		0.50		    0.1			0.8
10	171	1		        32393		    28		    0.0		-13.0	-13.0	1.0		    0.5	        0.5  		0.50		    0.1			0.8
10	172	1		        32393		    37		    0.0		-13.0	-13.0	1.0		    0.5	        0.5  		0.50		    0.1			0.8
10	172	1		        32393		    28		    0.0		-13.0	-13.0	1.0		    0.5	        0.5  		0.50		    0.1			0.8
10	172	1		        32393		    37		    0.0		-13.0	-13.0	1.0		    0.5	        0.5  		0.50		    0.1			0.8
10	172	1		        32393		    28		    0.0		-13.0	-13.0	1.0		    0.5	        0.5  		0.50		    0.1			0.8
10	173	1		        32393		    37		    0.0		-13.0	-13.0	1.0		    0.5	        0.5  		0.50		    0.1			0.8
10	173	1		        32393		    28		    0.0		-13.0	-13.0	1.0		    0.5	        0.5  		0.50		    0.1			0.8
10	173	1		        32393		    37		    0.0		-13.0	-13.0	1.0		    0.5	        0.5  		0.50		    0.1			0.8
10	173	1		        32393		    28		    0.0		-13.0	-13.0	1.0		    0.5	        0.5  		0.50		    0.1			0.8
10	174	1		        32393		    37		    0.0		-13.0	-13.0	1.0		    0.5	        0.5  		0.50		    0.1			0.8
10	174	1		        32393		    28		    0.0		-13.0	-13.0	1.0		    0.5	        0.5  		0.50		    0.1			0.8
10	174	1		        32393		    37		    0.0		-13.0	-13.0	1.0		    0.5	        0.5  		0.50		    0.1			0.8
10	174	1		        32393		    28		    0.0		-13.0	-13.0	1.0		    0.5	        0.5  		0.50		    0.1			0.8
10	175	1		        32393		    37		    0.0		-13.0	-13.0	1.0		    0.5	        0.5  		0.50		    0.1			0.8
10	175	1		        32393		    28		    0.0		-13.0	-13.0	1.0		    0.5	        0.5  		0.50		    0.1			0.8
10	175	1		        32393		    37		    0.0		-13.0	-13.0	1.0		    0.5	        0.5  		0.50		    0.1			0.8
10	175	1		        32393		    28		    0.0		-13.0	-13.0	1.0		    0.5	        0.5  		0.50		    0.1			0.8
10	176	1		        32393		    37		    0.0		-13.0	-13.0	1.0		    0.5	        0.5  		0.50		    0.1			0.8
10	176	1		        32393		    28		    0.0		-13.0	-13.0	1.0		    0.5	        0.5  		0.50		    0.1			0.8
10	176	1		        32393		    37		    0.0		-13.0	-13.0	1.0		    0.5	        0.5  		0.50		    0.1			0.8
10	176	1		        32393		    28		    0.0		-13.0	-13.0	1.0		    0.5	        0.5  		0.50		    0.1			0.8
10	177	1		        32393		    37		    0.0		-13.0	-13.0	1.0		    0.5	        0.5  		0.50		    0.1			0.8
10	177	1		        32393		    28		    0.0		-13.0	-13.0	1.0		    0.5	        0.5  		0.50		    0.1			0.8
10	177	1		        32393		    37		    0.0		-13.0	-13.0	1.0		    0.5	        0.5  		0.50		    0.1			0.8
10	177	1		        32393		    28		    0.0		-13.0	-13.0	1.0		    0.5	        0.5  		0.50		    0.1			0.8


//Grand Master 
//Armor
8					197				0				32380			35			15.0		10.0		13.0		1.0			0.2			0.3			0.4				-					0.0	
8					197				0				32528			35			15.0		10.0		13.0		1.0			0.2			0.3			0.4				-					0.0		
8					197				1				32049			35			15.0		10.0		9.0		1.0			0.2			0.3			1.0				25				0.0		

//Blade Master
//Armor
8					191				0				32380			35			18.0		5.0		16.0		1.0			0.2			0.3			0.4				-					0.0	
8					191				0				32528			35			18.0		5.0		16.0		1.0			0.2			0.3			0.4				-					0.0		
8					191				1				32049			35			18.0		5.0		12.0		1.0			0.2			0.3			1.0				25				0.0		

//High Elf - B
//Armor
8					194				0				32380			35			10.0		10.0		13.0		1.0			0.2			0.3			0.4				-					0.0	
8					194				0				32528			35			10.0		10.0		13.0		1.0			0.2			0.3			0.4				-					0.0		
8					194				1				32049			35			10.0		10.0		9.0		1.0			0.2			0.3			1.0				25				0.0		

//Duel Master
//Armor
8					192				0				32380			35			18.0		10.0		14.0		1.0			0.2			0.3			0.4				-					0.0	
8					192				0				32528			35			18.0		10.0		14.0		1.0			0.2			0.3			0.4				-					0.0		
8					192				1				32049			35			18.0		10.0		10.0		1.0			0.2			0.3			1.0				25				0.0		

//Lord Emperor
//Armor
8					196				0				32380			35			18.0		5.0		16.0		1.0			0.2			0.3			0.4				-					0.0	
8					196				0				32528			35			18.0		5.0		16.0		1.0			0.2			0.3			0.4				-					0.0		
8					196				1				32049			35			18.0		5.0		12.0		1.0			0.2			0.3			1.0				25				0.0		

//Dimension Master
//Armor
8					190				0				32380			35			10.0		10.0		8.0		1.0			0.2			0.3			0.4				-					0.0	
8					190				0				32528			35			10.0		10.0		8.0		1.0			0.2			0.3			0.4				-					0.0		
8					190				1				32049			35			10.0		10.0		5.0		1.0			0.2			0.3			1.0				25				0.0		

//Fist Master
//Armor
8					198				0				32380			35			18.0		8.0		8.0		1.0			0.2			0.3			0.4				-					0.0	
8					198				0				32528			35			18.0		8.0		8.0		1.0			0.2			0.3			0.4				-					0.0		
8					198				1				32049			35			18.0		8.0		5.0		1.0			0.2			0.3			1.0				25				0.0		


end