//icedragon
//6912				32387			35						0						0.2				0.6			1.0			1.0					1.0					0.0
//6912				32387			77						0						0.2				0.6			1.0			1.0					1.0					0.0
//6912				32387			35						0						0.2				0.6			1.0			1.0					0.7					0.0
//6912				32387			77						0						0.2				0.6			1.0			1.0					0.7					0.0

//icedragon_rare
//6913				32387			35						0						1.0				0.2			0.2			1.0					1.0					0.0
//6913				32387			77						0						1.0				0.2			0.2			1.0					1.0					0.0
//6913				32387			35						0						1.0				0.2			0.2			1.0					0.7					0.0
//6913				32387			77						0						1.0				0.2			0.2			1.0					0.7					0.0

//fiercelion
//6916				32394			48						0						0.0				0.5			1.0			1.0					0.4					0.0
//6916				32394			67						0						0.0				0.5			1.0			1.0					0.4					0.0
//6916				32394			112						0						0.0				0.5			1.0			1.0					0.4					0.0
//6916				32394			131						0						0.0				0.5			1.0			1.0					0.4					0.0
//6916				32394			155						0						0.0				0.5			1.0			1.0					0.3					0.0

//fiercelionR
//6917				32394			48						0						1.0				0.3			0.0			1.0					0.4					0.0
//6917				32394			67						0						1.0				0.3			0.0			1.0					0.4					0.0
//6917				32394			112						0						1.0				0.3			0.0			1.0					0.4					0.0
//6917				32394			131						0						1.0				0.3			0.0			1.0					0.4					0.0
//6917				32394			155						0						1.0				0.3			0.0			1.0					0.3					0.0

//shiningtails
//6914				32394			48						0						0.3				0.7			0.7			1.0					0.4					0.0
//6914				32394			67						0						0.3				0.7			0.7			1.0					0.4					0.0
//6914				32394			112						0						0.3				0.7			0.7			1.0					0.4					0.0
//6914				32394			131						0						0.3				0.7			0.7			1.0					0.4					0.0
//6914				32387			155						0						0.3				0.5			0.8			1.0					0.3					0.0
//6914				32387			48						0						0.3				0.5			0.8			1.0					0.3					0.0
//6914				32387			67						0						0.3				0.5			0.8			1.0					0.3					0.0
//6914				32387			112						0						0.3				0.5			0.8			1.0					0.3					0.0

//shiningtails_rare
//6915				32394			48						0						0.8				0.2			0.2			1.0					0.4					0.0
//6915				32394			67						0						0.8				0.2			0.2			1.0					0.4					0.0
//6915				32394			112						0						0.8				0.2			0.2			1.0					0.4					0.0
//6915				32394			131						0						0.8				0.2			0.2			1.0					0.4					0.0
//6915				32387			155						0						0.8				0.2			0.2			1.0					0.3					0.0
//6915				32387			48						0						0.8				0.2			0.2			1.0					0.3					0.0
//6915				32387			67						0						0.8				0.2			0.2			1.0					0.3					0.0
//6915				32387			112						0						0.8				0.2			0.2			1.0					0.3					0.0

//Ur
//6918				32389			57						0						0.0				0.2			0.7			1.0					0.3					0.0
//6918				32389			59						0						0.0				0.2			0.7			1.0					0.3					0.0
//6918				32389			61						0						0.0				0.2			0.7			1.0					0.3					0.0
//6918				32389			66						0						0.0				0.2			0.7			1.0					0.3					0.0
//6918				32389			71						0						0.0				0.2			0.7			1.0					0.3					0.0
//6918				32389			73						0						0.0				0.2			0.7			1.0					0.3					0.0
//6918				32389			75						0						0.0				0.2			0.7			1.0					0.3					0.0
//6918				32389			77						0						0.0				0.2			0.7			1.0					0.3					0.0
//6918				32389			80						0						0.0				0.2			0.7			1.0					0.3					0.0
//6918				32387			10						0						0.2				0.4			0.7			1.0					0.4					0.0
//6918				32387			34						0						0.2				0.4			0.7			1.0					0.4					0.0
//6918				32387			93						0						0.2				0.4			0.7			1.0					0.4					0.0
//6918				32387			114						0						0.2				0.4			0.7			1.0					0.4					0.0
//6918				32394			10						0						0.2				0.4			0.7			1.0					0.3					0.0
//6918				32394			34						0						0.2				0.4			0.7			1.0					0.3					0.0
//6918				32394			93						0						0.2				0.4			0.7			1.0					0.3					0.0
//6918				32394			114						0						0.2				0.4			0.7			1.0					0.3					0.0

//UrUp
//6919				32389			57						0						0.7				0.2			0.0			1.0					0.3					0.0
//6919				32389			59						0						0.7				0.2			0.0			1.0					0.3					0.0
//6919				32389			61						0						0.7				0.2			0.0			1.0					0.3					0.0
//6919				32389			66						0						0.7				0.2			0.0			1.0					0.3					0.0
//6919				32389			71						0						0.7				0.2			0.0			1.0					0.3					0.0
//6919				32389			73						0						0.7				0.2			0.0			1.0					0.3					0.0
//6919				32389			75						0						0.7				0.2			0.0			1.0					0.3					0.0
//6919				32389			77						0						0.7				0.2			0.0			1.0					0.3					0.0
//6919				32389			80						0						0.7				0.2			0.0			1.0					0.3					0.0
//6919				32387			10						0						0.9				0.3			0.1			1.0					0.4					0.0
//6919				32387			34						0						0.9				0.3			0.1			1.0					0.4					0.0
//6919				32387			93						0						0.9				0.3			0.1			1.0					0.4					0.0
//6919				32387			114						0						0.9				0.3			0.1			1.0					0.4					0.0
//6919				32394			10						0						0.9				0.3			0.1			1.0					0.3					0.0
//6919				32394			34						0						0.9				0.3			0.1			1.0					0.3					0.0
//6919				32394			93						0						0.9				0.3			0.1			1.0					0.3					0.0
//6919				32394			114						0						0.9				0.3			0.1			1.0					0.3					0.0

//ghosthorse_red
//6920				32394			42						0						0.72			0.06		0.06		0.0					0.75				0.0
//6920				32394			52						0						0.72			0.06		0.06		0.0					0.75				0.0
//6920				32394			74						0						0.72			0.06		0.06		0.0					0.75				0.0
//6920				32394			85						0						0.72			0.06		0.06		0.0					0.75				0.0

//ghosthorse_yellow
//6921				32394			42						0						0.98			0.79		0.13		0.0					0.75				0.0
//6921				32394			52						0						0.98			0.79		0.13		0.0					0.75				0.0
//6921				32394			74						0						0.98			0.79		0.13		0.0					0.75				0.0
//6921				32394			85						0						0.98			0.79		0.13		0.0					0.75				0.0

//ghosthorse_gray
//6922				32394			42						0						0.62			0.54		0.42		0.0					0.75				0.0
//6922				32394			52						0						0.62			0.54		0.42		0.0					0.75				0.0
//6922				32394			74						0						0.62			0.54		0.42		0.0					0.75				0.0
//6922				32394			85						0						0.62			0.54		0.42		0.0					0.75				0.0

//ghosthorse_brown
//6923				32394			42						0						0.35			0.16		0.11		0.0					0.75				0.0
//6923				32394			52						0						0.35			0.16		0.11		0.0					0.75				0.0
//6923				32394			74						0						0.35			0.16		0.11		0.0					0.75				0.0
//6923				32394			85						0						0.35			0.16		0.11		0.0					0.75				0.0

//ghosthorse_purple
//6924				32394			42						0						0.38			0.04		0.97		0.0					0.75				0.0
//6924				32394			52						0						0.38			0.04		0.97		0.0					0.75				0.0
//6924				32394			74						0						0.38			0.04		0.97		0.0					0.75				0.0
//6924				32394			85						0						0.38			0.04		0.97		0.0					0.75				0.0

//ghosthorse_black
//6925				32394			42						0						0.50			0.50		0.50		0.0					0.75				0.0
//6925				32394			52						0						0.50			0.50		0.50		0.0					0.75				0.0
//6925				32394			74						0						0.50			0.50		0.50		0.0					0.75				0.0
//6925				32394			85						0						0.50			0.50		0.50		0.0					0.75				0.0

//ghosthorse_gold
//6926				32394			42						0						0.98			0.52		0.06		0.0					0.75				0.0
//6926				32394			52						0						0.98			0.52		0.06		0.0					0.75				0.0
//6926				32394			74						0						0.98			0.52		0.06		0.0					0.75				0.0
//6926				32394			85						0						0.98			0.52		0.06		0.0					0.75				0.0

//ghosthorse_orignal
//6927				32394			42						0						0.35			0.68		1.00     	0.0					0.75				0.0
//6927				32394			52						0						0.35			0.68		1.00     	0.0					0.75				0.0
//6927				32394			74						0						0.35			0.68		1.00     	0.0					0.75				0.0
//6927				32394			85						0						0.35			0.68		1.00     	0.0					0.75				0.0


end