// - Glow Index: Item section that will receive the color	
// - Glow Type:  Type of glow (most used 2 or 70)
// - Others: 2 4 18 66 68 70 72 576 4162 16450 65600 65602 
// - Glow Color rgb: 0 ~ 255
//	ItemIndex	GlowIndex	GlowType	GlowColorR	GlowColorG	GlowColorB		Comment
//icedragon
6912				0				70				0					21					102	
6912				1				70				120					120					120	
6912				2				66				94					94					153

//icedragon_rare
6913				0				70				102					21					0	
6913				1				70				120					120					120	
6913				2				66				153					94					94

//fiercelion
6916				2				70				51					153					255	
6916				3				70				51					153					255	
	
//fiercelionR
6917				2				70				255					153					51	
6917				3				70				255					153					51	

//shiningtails
6914				3				70				170					160					147	

//rare_shiningtails
6915				3				70				170					155					147	

//Ur
6918				0				70				35					117					164	
6918				2				70				35					117					164	
6918				4				70				35					117					164	
6918				5				70				35					117					164	
6918				6				70				35					117					164	

//UrUp
6919				0				70				164					86					35	
6919				2				70				164					86					35	
6919				4				70				164					86					35	
6919				5				70				164					86					35	
6919				6				70				164					86					35

//ghosthorse_red
6920				3				70				158					30					30
6920				2				70				158					30					30
6920				1				2				255					255					255

//ghosthorse_yellow
6921				3				70				250					203					35
6921				2				70				250					203					35
6921				1				2				255					255					255

//ghosthorse_gray
6927				3				70				158					140					109
6927				2				70				158					140					109
6927				1				2				255					255					255

//Divine Horse Red
6938		0		66		255		255		255
6938		0		576		125		125		125
6938		2		66		50		50		50
6938		3		68		63		63		63

//ghosthorse_brown
6923				3				70				90					42					30
6923				2				70				90					42					30
6923				1				2				255					255					255

//Divine Horse Unique
6939		0		66		255		255		255
6939		0		576		125		125		125
6939		2		66		50		50		50
6939		3		68		63		63		63


//ghosthorse_purple
6924				3				70				99					12					247
6924				2				70				99					12					247
6924				1				2				255					255					255

//ghosthorse_black
6925				3				70				120					120					120
6925				2				70				120					120					120
6925				1				2				255					255					255

//Divine Horse Violet
6940		0		66		255		255		255
6940		0		576		125		125		125
6940		2		66		50		50		50
6940		3		68		63		63		63

//ghosthorse_gold
6926				3				70				250					134					17
6926				2				70				250					134					17
6926				1				2				255					255					255

//ghosthorse_orignal
6922				3				70				94					94					153
6922				2				70				42					80					50
6922				1				2				255					255					255

//Divine Horse Blue
6941		0		66		255		255		255
6941		0		576		125		125		125
6941		2		66		50		50		50
6941		3		68		63		63		63
end